-,-,-
-584, -189, 297
-971, -416, -127
-1221, -271, -897
-1344, 10, -1174
-1342, 65, -1249
-1238, -102, -1184
-1046, -399, -804
-761, -785, -488
-639, -854, 287
-660, -668, 1477
-647, -742, 1998
-397, -1461, 1998
-11, -1678, 1998
162, -1304, 1998
113, -1013, 1998
-78, -641, 1998
-78, -641, 1998
-189, -420, 1998
-231, -343, 1998
-259, -342, 1770
-,-,-
-325, -119, 363
-585, -270, 114
-814, -163, -204
-874, -84, -540
-973, -117, -680
-938, -137, -806
-896, -274, -485
-751, -490, -117
-589, -774, 408
-344, -1123, 1077
-380, -1099, 1821
-509, -953, 1998
-397, -1238, 1998
-286, -1372, 1998
-309, -1256, 1998
-395, -1138, 1998
-346, -863, 1998
-292, -578, 1998
-,-,-
-359, -140, 434
-766, -268, 329
-1044, -51, -149
-1094, -138, -967
-1092, -321, -1615
-1173, -252, -1514
-1167, -412, -489
-808, -1002, 804
-379, -1351, 1907
-190, -1340, 1998
-34, -1292, 1998
93, -1211, 1998
329, -1155, 1998
361, -1011, 1998
313, -774, 1998
242, -591, 1865
140, -445, 1399
146, -345, 982
146, -345, 982
-,-,-
-365, -217, 555
-365, -217, 555
-859, -274, 436
-1237, 0, -191
-1235, 207, -838
-1174, 241, -1107
-1019, 175, -1164
-831, -77, -929
-597, -427, -473
-364, -761, 173
-176, -1164, 1361
-99, -1650, 1998
-93, -1777, 1998
-3, -1897, 1998
181, -1767, 1998
170, -1439, 1998
164, -1192, 1998
144, -908, 1972
150, -687, 1578
132, -588, 1181
116, -552, 1007
-,-,-
-951, -60, -324
-988, 7, -599
-940, -129, -1017
-880, -420, -1480
-729, -511, -1478
-723, -653, -348
-507, -1214, 1202
-190, -1763, 1998
-53, -1748, 1998
35, -1628, 1998
-239, -1469, 1998
-74, -837, 1998
230, -723, 1998
339, -685, 1881
415, -598, 1159
-,-,-
-349, -153, 208
-439, -165, 54
-560, -107, -49
-646, 32, -309
-610, 4, -759
-610, 4, -759
-602, -131, -643
-530, -449, 90
-428, -896, 1325
-266, -964, 1962
-24, -1289, 1998
80, -1486, 1998
-128, -1641, 1998
31, -1525, 1998
179, -1174, 1998
187, -889, 1998
238, -663, 1743
197, -601, 1489
-,-,-
-201, -190, 185
-429, -278, 169
-582, -279, -42
-654, -184, -301
-709, -119, -453
-705, -120, -557
-672, -298, -535
-625, -385, 13
-471, -631, 765
-208, -1128, 1687
-135, -1244, 1998
-19, -1169, 1998
96, -1023, 1998
196, -916, 1998
308, -940, 1970
290, -1013, 1998
256, -960, 1998
256, -960, 1998
147, -737, 1932
-,-,-
-584, 41, 320
-656, -43, 136
-561, -177, -255
-452, -304, -469
-502, -279, -452
-508, -242, -247
-442, -335, 237
-226, -781, 1002
-19, -1051, 1824
-53, -1250, 1998
-61, -1319, 1998
0, -1427, 1998
0, -1427, 1998
212, -1316, 1998
231, -1083, 1998
96, -831, 1998
-,-,-
-695, -161, -118
-778, -24, -310
-794, -28, -548
-694, -96, -883
-553, -375, -952
-553, -375, -952
-534, -648, -200
-573, -692, 842
-466, -1002, 1784
-399, -1223, 1998
-293, -1170, 1998
-224, -1284, 1998
-1, -1252, 1998
111, -1034, 1998
117, -761, 1998
108, -500, 1906
80, -414, 1431
-,-,-
-351, -204, 165
-532, -88, 81
-532, -88, 81
-584, 31, -232
-624, 41, -456
-509, -89, -804
-438, -315, -812
-474, -582, -155
-459, -1045, 1116
-365, -1273, 1982
-245, -1385, 1998
-112, -1435, 1998
-179, -1638, 1998
-165, -1382, 1997
-74, -1221, 1998
-74, -1025, 1998
-,-,-
-502, -429, 11
-822, -340, -42
-864, -15, -467
-785, 29, -958
-769, -218, -1222
-829, -349, -867
-866, -409, -19
-673, -904, 1121
-345, -1335, 1967
-347, -1567, 1998
-412, -1308, 1998
-326, -993, 1998
-83, -861, 1998
24, -761, 1998
88, -522, 1968
47, -479, 1660
47, -479, 1660
-34, -450, 1404
-,-,-
-533, -274, 153
-759, -254, -9
-804, -107, -395
-678, -68, -956
-678, -68, -956
-529, -266, -1055
-476, -458, -614
-521, -611, 195
-584, -509, 1556
-429, -415, 1998
-343, -451, 1998
-359, -593, 1998
-438, -558, 1998
-233, -707, 1998
116, -543, 1998
185, -407, 1986
247, -330, 1553
161, -281, 1258
61, -230, 1295
-,-,-
-508, -103, 277
-608, 0, -11
-608, 0, -11
-581, -211, -460
-603, -213, -879
-690, -138, -931
-642, -268, -737
-608, -556, 142
-440, -761, 1029
-284, -941, 1918
-276, -1024, 1998
-435, -779, 1998
-594, -479, 1998
-312, -518, 1998
255, -465, 1998
454, -600, 1867
-,-,-
-655, -67, -195
-615, -9, -570
-600, -128, -845
-523, -418, -877
-563, -384, -264
-662, -357, 397
-625, -451, 1063
-569, -709, 1997
-458, -919, 1998
-353, -1020, 1998
-300, -1034, 1998
81, -616, 1998
220, -529, 1998
220, -529, 1998
307, -507, 1788
301, -435, 1351
261, -325, 1235
-,-,-
-357, -73, -117
-378, -255, -217
-527, -399, -157
-584, -309, -386
-495, -376, -745
-495, -376, -745
-390, -395, -507
-433, -296, 502
-468, -405, 1317
-413, -676, 1927
-422, -852, 1998
-416, -740, 1998
-375, -589, 1998
-104, -418, 1998
247, -299, 1998
-,-,-
-520, -60, 151
-598, -7, -100
-579, 30, -577
-488, -98, -1161
-634, -198, -1090
-790, -505, 68
-630, -778, 792
-630, -778, 792
-459, -1097, 1669
-427, -1075, 1998
-492, -965, 1998
-582, -1120, 1998
-370, -1172, 1998
26, -602, 1998
26, -602, 1998
109, -462, 1998
-,-,-
-561, 6, -124
-561, 6, -124
-573, 9, -228
-406, -287, -160
-173, -671, 48
-205, -692, 637
-425, -460, 1771
-530, -379, 1998
-361, -835, 1998
-249, -1120, 1998
-335, -952, 1998
-169, -622, 1998
17, -628, 1998
17, -628, 1998
287, -506, 1953
-,-,-
-305, -86, 39
-468, -8, -182
-686, 324, -621
-536, -11, -1233
-359, -671, -905
-536, -596, 573
-517, -295, 1168
-450, -324, 1743
-181, -577, 1998
-167, -669, 1998
-241, -673, 1998
-18, -920, 1998
350, -911, 1998
515, -862, 1998
515, -862, 1998
432, -749, 1948
-,-,-
-316, -146, 45
-344, -129, 54
-441, -70, 100
-484, 10, -207
-468, -3, -527
-387, -319, -175
-347, -193, 401
-347, -193, 401
-334, -125, 932
-298, -364, 1648
-320, -352, 1998
-305, -589, 1998
28, -725, 1998
229, -593, 1998
542, -574, 1987
-,-,-
-445, -99, -118
-542, -157, -258
-550, 31, -343
-494, -164, -316
-393, -454, -345
-410, -353, -219
-454, -208, 107
-399, -122, 536
-417, -354, 1270
-387, -755, 1952
-275, -1143, 1998
-117, -1086, 1998
155, -1007, 1998
452, -1247, 1998
680, -1076, 1998
551, -710, 1998
-,-,-
-374, -137, 49
-445, -205, -85
-613, -40, 2
-613, -40, 2
-592, 181, 5
-355, -178, -10
-97, -600, -109
-108, -443, 220
-350, -175, 1404
-148, -258, 1958
37, -602, 1998
37, -602, 1998
223, -608, 1998
232, -621, 1998
288, -446, 1998
-,-,-
-628, -196, -155
-664, -121, -105
-655, -138, -246
-605, -203, -262
-605, -203, -262
-589, -536, 351
-576, -588, 1483
-536, -523, 1998
-110, -736, 1998
102, -774, 1998
236, -840, 1998
296, -692, 1998
532, -517, 1998
576, -406, 1991
562, -356, 1641
606, -282, 1373
494, -248, 1387
-,-,-
-451, 31, 103
-522, 130, 210
-415, -6, 117
-140, -426, -72
-108, -463, 247
-207, -188, 702
-291, -64, 1043
-249, -329, 1588
-249, -329, 1588
-261, -715, 1998
-249, -832, 1998
-274, -1070, 1998
-73, -886, 1998
-24, -574, 1998
80, -379, 1998
166, -154, 1923
-,-,-
-299, -239, 151
-379, -38, 266
-367, -207, 259
-367, -207, 259
-406, -301, 668
-579, -109, 1269
-593, -76, 1514
-439, -389, 1945
-385, -492, 1998
-515, -389, 1998
-418, -505, 1998
-245, -692, 1998
69, -450, 1998
-,-,-
-309, -203, -22
-452, -189, 151
-476, -188, 475
-401, -544, 1006
-420, -717, 1952
-421, -780, 1998
-312, -786, 1998
-197, -685, 1998
58, -272, 1998
129, -180, 1998
231, -102, 1831
231, -102, 1831
-,-,-
-389, -98, 211
-408, -122, 203
-419, -38, -73
-362, -119, -38
-249, -491, 144
-219, -626, 730
-359, -481, 1775
-281, -626, 1998
-319, -737, 1998
-337, -633, 1998
-368, -625, 1998
-149, -288, 1998
71, -169, 1981
71, -169, 1981
303, -123, 1491
-,-,-
-484, -97, 98
-484, -97, 98
-503, -36, 177
-471, -92, 147
-414, -143, 289
-392, -111, 476
-267, -275, 723
-100, -579, 1567
-17, -746, 1998
15, -750, 1998
15, -750, 1998
17, -866, 1998
-102, -988, 1998
-143, -698, 1998
27, -662, 1998
-,-,-
-510, -92, 201
-533, 31, 148
-533, 31, 148
-463, -145, 194
-299, -519, 451
-239, -608, 890
-179, -557, 1465
-136, -672, 1785
-267, -679, 1998
-319, -606, 1998
-375, -934, 1998
-456, -1153, 1998
-174, -854, 1998
-122, -446, 1998
-,-,-
-404, -203, 140
-404, -203, 140
-418, -388, 93
-439, -375, 16
-452, -346, -46
-442, -247, -42
-452, -299, 85
-453, -313, 226
-509, -226, 596
-573, -297, 1378
-718, -517, 1946
-804, -551, 1998
-607, -713, 1998
-169, -777, 1998
200, -666, 1998
-,-,-
-383, -258, -184
-583, -245, -70
-798, -149, 112
-798, -149, 112
-892, -53, 103
-949, -235, 255
-1007, -569, 960
-1037, -793, 1886
-971, -939, 1998
-754, -899, 1998
-485, -812, 1998
-518, -616, 1998
-,-,-
-681, -10, -11
-690, 128, -252
-736, -131, -413
-756, -558, -156
-829, -671, 659
-879, -986, 1747
-809, -895, 1998
-532, -811, 1998
-174, -985, 1998
-1, -933, 1998
1, -697, 1998
1, -697, 1998
-,-,-
-515, -211, 67
-551, -73, -79
-574, -106, -148
-612, -130, -374
-710, -127, -256
-732, -384, 208
-720, -690, 1006
-720, -690, 1006
-673, -949, 1973
-571, -1214, 1998
-427, -1396, 1998
182, -1184, 1998
182, -1184, 1998
-,-,-
-591, -17, 245
-552, 39, 172
-360, -168, -337
-285, -244, -775
-449, -236, -389
-487, -735, 1212
-555, -1108, 1998
-423, -1220, 1998
-178, -1358, 1998
-5, -1363, 1998
241, -1133, 1998
318, -707, 1998
474, -222, 1677
474, -222, 1677
-,-,-
-400, 2, 196
-428, 63, 173
-407, -19, 66
-366, -152, -94
-366, -152, -94
-379, -177, -140
-406, -110, -105
-295, -148, 155
-264, -299, 715
-236, -156, 1636
-218, -331, 1998
-96, -578, 1998
114, -705, 1998
232, -704, 1998
-,-,-
-427, 69, 96
-507, 30, 144
-425, -134, 162
-425, -134, 162
-340, -249, 28
-370, -308, 107
-326, -274, 401
-321, -180, 985
-176, -506, 1864
-92, -806, 1998
-234, -881, 1998
-356, -769, 1998
-274, -572, 1998
42, -314, 1998
92, -342, 1998
-,-,-
-223, 5, 94
-268, -145, 87
-279, -167, 51
-333, -190, -52
-409, -191, 185
-409, -191, 185
-450, -120, 549
-436, -280, 1145
-439, -320, 1913
-415, -424, 1998
-437, -685, 1998
-569, -606, 1998
-376, -444, 1998
-9, -292, 1998
-,-,-
-301, -21, 125
-171, 65, 243
-171, 65, 243
-123, -68, 28
-139, -316, 49
-103, -384, 38
-175, -256, 239
-266, -64, 870
-266, -64, 870
-229, -42, 1215
-274, -224, 1620
-393, -234, 1990
-417, -278, 1998
-333, -694, 1998
-258, -1056, 1998
-183, -1030, 1998
-,-,-
-288, -179, 115
-317, -48, 127
-317, -48, 127
-329, 304, 83
-321, -88, 96
-237, -467, 365
-244, -295, 780
-361, -344, 1522
-374, -510, 1998
-446, -440, 1998
-453, -272, 1998
-327, -431, 1998
-232, -594, 1998
-,-,-
-283, -27, 177
-236, 81, 106
-151, -22, -55
-120, -349, -119
-170, -399, 78
-198, -315, 166
-198, -315, 166
-161, -193, 135
-139, -142, 163
-98, -255, 432
-116, -422, 1046
-328, -677, 1940
-457, -732, 1998
-447, -758, 1998
-322, -798, 1998
-,-,-
-510, 2, 186
-510, 2, 186
-374, 137, 124
-283, -16, -110
-307, -227, -32
-349, -157, -95
-357, -171, 25
-321, -221, 329
-319, -344, 893
-226, -459, 1581
-226, -459, 1993
-214, -625, 1993
-403, -675, 1998
-525, -637, 1998
-335, -476, 1998
-,-,-
-311, -129, -149
-273, -118, -423
-259, -263, -470
-297, -506, -409
-427, -434, -66
-589, -169, 489
-589, -169, 489
-518, -266, 1241
-468, -613, 1996
-293, -578, 1998
-224, -503, 1998
-104, -251, 1998
-97, -241, 1998
-,-,-
-488, -177, -238
-487, -193, -553
-572, -329, -878
-637, -307, -686
-765, -560, 94
-878, -749, 1286
-1137, -816, 1998
-1376, -1022, 1998
-713, -761, 1998
-420, -495, 1998
-250, -92, 1998
-,-,-
-482, -18, 26
-363, -160, -129
-415, -117, -140
-557, -15, 265
-557, -15, 265
-496, -212, 589
-457, -539, 1175
-350, -481, 1729
-212, -644, 1998
-114, -1101, 1998
-262, -1040, 1998
-547, -714, 1998
-293, -338, 1998
-,-,-
-429, -190, -59
-415, -213, -206
-442, -268, -224
-467, -281, -14
-467, -281, -14
-526, -336, 282
-538, -511, 743
-492, -749, 1758
-519, -817, 1998
-479, -941, 1998
-335, -697, 1998
-135, -529, 1998
-,-,-
-361, -40, 4
-361, -40, 4
-366, -212, -153
-482, -190, -156
-528, -256, -219
-476, -515, -248
-479, -597, 299
-502, -642, 983
-466, -829, 1677
-725, -968, 1998
-816, -652, 1998
-508, -338, 1998
-,-,-
-367, -157, -30
-382, -105, -137
-437, -155, -28
-470, -251, 135
-406, -319, 61
-541, -256, 635
-541, -256, 635
-540, -256, 1497
-394, -553, 1994
-255, -814, 1998
-220, -713, 1998
-297, -579, 1998
-116, -539, 1998
-,-,-
-425, -195, -145
-443, -198, -166
-554, -229, -340
-685, -355, -155
-730, -503, 848
-903, -390, 1969
-867, -594, 1998
-413, -566, 1998
-72, -392, 1998
126, -244, 1998
219, -231, 1998
-,-,-
-529, 26, -153
-461, -55, -251
-511, -435, -99
-578, -647, 556
-578, -647, 556
-686, -499, 1655
-745, -457, 1998
-543, -518, 1998
-212, -276, 1998
-94, -35, 1998
33, 0, 1998
140, -87, 1998
-,-,-
-538, -67, -82
-563, 276, 51
-497, -111, -210
-510, -340, -92
-654, -370, 327
-732, -534, 1108
-698, -660, 1959
-700, -630, 1998
-700, -630, 1998
-511, -676, 1998
-248, -602, 1998
-30, -471, 1998
34, -310, 1998
147, -194, 1998
294, -175, 1889
-,-,-
-331, 3, -1
-453, 97, -180
-491, 204, -471
-483, 37, -727
-483, 37, -727
-465, -120, -930
-499, -195, -815
-611, -153, -453
-646, -169, -162
-569, -340, 190
-434, -570, 475
-434, -501, 1112
-436, -650, 1772
-,-,-
-399, -215, -54
-465, -114, 18
-440, -203, -29
-440, -203, -29
-428, -306, -33
-439, -314, 126
-405, -339, 410
-319, -620, 761
-328, -755, 1735
-425, -864, 1998
-331, -736, 1998
-262, -761, 1998
-177, -992, 1998
-,-,-
-275, -15, 64
-323, -98, -101
-353, -165, -152
-349, -228, -121
-358, -344, -36
-343, -449, 177
-343, -449, 177
-408, -440, 456
-375, -341, 576
-325, -410, 899
-384, -656, 1820
-281, -894, 1998
-181, -1024, 1998
-,-,-
-294, -84, 109
-281, -89, -52
-281, -89, -52
-316, -196, -114
-388, -330, -181
-390, -346, -177
-469, -385, 131
-504, -369, 692
-494, -361, 1494
-508, -548, 1995
-559, -742, 1998
-622, -791, 1998
-586, -709, 1998
-,-,-
-480, 57, 57
-508, 171, 128
-431, -106, 207
-316, -485, 375
-216, -393, 559
-216, -393, 559
-267, -465, 1049
-331, -474, 1683
-324, -512, 1998
-140, -787, 1998
-139, -955, 1998
-257, -895, 1998
-,-,-
-312, -124, -29
-366, -134, -159
-443, -220, -50
-564, -131, 56
-646, -38, 126
-646, -38, 126
-539, -325, 81
-468, -710, 564
-499, -665, 1665
-573, -828, 1998
-279, -1335, 1998
-11, -1318, 1998
-,-,-
-300, -59, 18
-375, -51, 62
-512, 33, 82
-564, -73, 152
-525, -183, 190
-525, -183, 190
-555, -295, 355
-585, -222, 670
-629, -113, 1413
-638, -253, 1998
-570, -471, 1998
-662, -390, 1998
-,-,-
-422, 34, 84
-449, -62, 33
-449, -62, 33
-446, -140, 101
-477, -199, 85
-548, -234, 216
-605, -266, 825
-663, -232, 1767
-553, -438, 1998
-471, -645, 1998
-560, -658, 1998
-543, -419, 1998
-,-,-
-414, -185, 88
-459, -28, 98
-505, -17, 268
-505, -17, 268
-404, -311, 255
-402, -453, 466
-490, -324, 1235
-423, -352, 1734
-348, -701, 1998
-378, -854, 1998
-561, -724, 1998
-570, -423, 1998
-,-,-
-342, -160, 37
-436, -64, 84
-435, -133, 262
-482, -189, 398
-482, -189, 398
-572, -261, 557
-613, -355, 889
-774, -456, 1767
-722, -553, 1998
-645, -690, 1998
-656, -1013, 1998
-,-,-
-267, 36, 124
-222, -62, 0
-222, -62, -32
-230, -252, -32
-301, -349, 99
-281, -240, 144
-289, -223, 470
-347, -116, 1286
-362, -153, 1972
-396, -592, 1998
-486, -755, 1998
-538, -448, 1998
-,-,-
-214, 136, 105
-254, 8, 3
-237, 32, -122
-327, -95, -136
-395, -211, 36
-465, -188, 105
-560, -223, 76
-560, -223, 76
-626, -235, 367
-667, -174, 1052
-558, -338, 1503
-501, -542, 1956
-475, -703, 1998
-493, -812, 1998
-261, -682, 1998
-48, -486, 1998
-,-,-
-366, -142, 14
-431, -168, -72
-431, -168, -72
-506, -61, -162
-616, -9, -84
-617, -260, 133
-672, -319, 636
-599, -294, 1151
-508, -385, 1867
-644, -458, 1998
-704, -558, 1998
-,-,-
-224, 26, -91
-300, -16, -206
-376, -32, -277
-428, -109, -271
-456, -134, -346
-549, -196, -214
-514, -121, 50
-359, -243, 380
-238, -516, 1071
-199, -419, 1777
-321, -467, 1998
-409, -630, 1998
-,-,-
-206, -110, -316
-271, -116, -384
-292, -121, -519
-394, -128, -424
-543, -81, -17
-596, -248, 480
-522, -492, 1087
-426, -613, 1868
-469, -681, 1998
-552, -704, 1998
-402, -682, 1998
-332, -603, 1998
-,-,-
-240, -77, -9
-267, -261, -132
-310, -150, -461
-451, -139, -462
-590, -308, -135
-644, -423, 308
-714, -468, 1006
-709, -597, 1717
-790, -666, 1998
-675, -797, 1998
-471, -940, 1998
-268, -844, 1998
-,-,-
-365, -91, -65
-403, -14, -53
-400, 30, -246
-489, -157, -171
-472, -191, -172
-437, -317, 92
-401, -589, 913
-344, -805, 1810
-189, -953, 1998
-132, -1076, 1998
-116, -927, 1998
-210, -586, 1998
-,-,-
-308, -69, -7
-181, -73, -134
-186, -155, -405
-263, -173, -309
-379, -173, -135
-407, -233, -17
-417, -387, 212
-451, -422, 827
-544, -249, 1783
-874, -207, 1998
-,-,-
-317, -362, -147
-428, -202, -189
-461, -152, -293
-497, -176, -495
-517, -244, -322
-611, -423, 273
-623, -496, 958
-636, -619, 1809
-785, -867, 1998
-665, -754, 1998
-,-,-
-470, -41, 40
-572, -54, -74
-564, 21, -82
-552, -56, -63
-643, -210, 235
-767, -271, 1084
-767, -271, 1084
-667, -373, 1948
-443, -648, 1998
-255, -880, 1998
-146, -791, 1998
-48, -546, 1998
-,-,-
-464, -145, -97
-534, -53, -118
-516, -19, -308
-519, -168, -576
-558, -212, -513
-638, -357, 21
-687, -459, 740
-605, -393, 1672
-538, -562, 1998
-353, -894, 1998
171, -740, 1998
302, -698, 1998
379, -466, 1998
322, -249, 1998
356, -146, 1998
-,-,-
-185, -163, -169
-250, -52, 21
-239, -14, -66
-231, -220, -169
-244, -316, -165
-262, -100, 1
-230, -111, 118
-230, -111, 118
-246, -217, 728
-303, -164, 1545
-314, -205, 1998
-303, -627, 1998
-445, -507, 1998
-,-,-
-171, 111, -17
-175, -55, -262
-175, -55, -262
-173, -204, -191
-278, -105, -144
-435, 14, 3
-408, -85, 101
-403, -260, 279
-385, -226, 725
-404, -191, 1225
-420, -283, 1897
-519, -546, 1998
-495, -511, 1998
-,-,-
-157, -79, -119
-157, -79, -119
-198, -39, -175
-258, -182, -132
-366, -155, -154
-447, -104, -42
-502, -219, 92
-590, -130, 518
-735, -104, 1475
-841, -365, 1998
-597, -644, 1998
-,-,-
-203, -137, -109
-200, -190, -91
-255, -126, -2
-255, -126, -2
-333, -101, 22
-328, -113, 82
-276, -208, 254
-287, -199, 798
-264, -322, 1437
-226, -531, 1957
-271, -474, 1998
-248, -596, 1998
-157, -674, 1998
-172, -514, 1998
-11, -124, 1998
-,-,-
-218, 153, -153
-227, -152, 67
-215, -516, 146
-193, -553, 198
-282, -423, 497
-376, -294, 1380
-418, -493, 1995
-471, -885, 1998
-455, -753, 1998
-468, -405, 1998
-351, -282, 1998
-,-,-
-147, -134, -65
-238, -175, -84
-258, 119, -255
-232, -28, -168
-243, -453, -125
-370, -293, 336
-456, -118, 1223
-526, -204, 1983
-539, -425, 1998
-413, -457, 1998
-305, -390, 1998
-,-,-
-220, -118, -83
-220, -118, -83
-253, -136, -197
-328, -32, -235
-368, -52, -198
-389, -132, 55
-320, -336, 550
-239, -527, 1119
-273, -587, 1917
-449, -759, 1998
-457, -591, 1998
-,-,-
-230, 12, 8
-230, 12, 8
-285, 153, -165
-406, 87, -273
-425, 28, 5
-425, 28, 5
-381, -256, 299
-326, -577, 688
-426, -470, 1485
-417, -437, 1998
-397, -722, 1998
-449, -736, 1998
-,-,-
-236, -7, 45
-243, 34, 61
-243, 34, 61
-239, -192, 111
-217, -401, 88
-267, -313, 273
-318, -193, 772
-330, -210, 1509
-320, -449, 1997
-282, -645, 1998
-272, -708, 1998
-149, -492, 1998
-46, -384, 1998
-46, -384, 1998
8, -236, 1998
-,-,-
-366, 48, 200
-454, 260, 76
-428, 211, -225
-407, -41, -398
-503, -166, -380
-635, -171, -112
-648, -186, 243
-512, -243, 803
-364, -229, 1692
-333, -381, 1998
-386, -575, 1998
-276, -479, 1998
-,-,-
-200, -43, 142
-153, -24, 53
-181, -97, -251
-183, -153, -288
-263, -212, -296
-301, -142, -167
-421, -187, 141
-450, -206, 502
-458, -191, 752
-520, -251, 1621
-635, -111, 1998
-635, -111, 1998
-756, -158, 1998
-,-,-
-296, -11, 127
-296, -11, 127
-226, 144, 68
-200, 11, -287
-236, -175, -254
-349, -214, 32
-454, -83, 419
-516, -55, 866
-516, -55, 866
-498, -170, 1310
-404, -347, 1660
-445, -365, 1998
-743, -93, 1998
-810, 60, 1998
-578, 2, 1998
-382, 61, 1998
-,-,-
-371, -161, -147
-523, -90, -68
-547, 29, -141
-567, -429, 19
-682, -272, 690
-720, -39, 1555
-720, -39, 1555
-519, -285, 1997
-447, -424, 1998
-232, -317, 1998
-131, -296, 1998
-54, -168, 1998
-,-,-
-139, -16, 66
-163, -97, -177
-237, -87, -302
-340, -162, -402
-485, -159, -403
-573, -259, -175
-635, -432, 160
-635, -432, 160
-689, -489, 863
-863, -501, 1819
-905, -349, 1998
-,-,-
-260, -150, -62
-260, -150, -62
-367, -130, -44
-449, -83, -2
-486, -10, -121
-517, -112, -133
-539, -238, 68
-587, -209, 541
-593, -135, 1145
-544, -155, 1833
-548, -316, 1998
-384, -576, 1998
-351, -593, 1998
-,-,-
-127, -79, -55
-132, -34, -74
-209, -216, -322
-354, -268, -365
-608, -127, -88
-714, -71, -105
-746, -227, 281
-823, -367, 970
-858, -286, 1590
-858, -286, 1590
-797, -314, 1966
-621, -515, 1998
-487, -598, 1998
-,-,-
-253, -82, 93
-273, -51, -170
-349, -160, -360
-509, -89, -223
-554, -177, -148
-595, -337, -129
-697, -455, 403
-747, -262, 1238
-757, -135, 1966
-613, -364, 1998
-395, -509, 1998
-239, -550, 1998
-239, -550, 1998
-131, -499, 1998
-,-,-
-280, -303, -127
-385, -194, -186
-455, -91, -275
-595, -308, 148
-776, -483, 800
-996, -298, 1657
-1058, -193, 1998
-836, -180, 1998
-552, -351, 1998
-293, -384, 1998
-382, -53, 1998
-382, -53, 1998
-,-,-
-255, 15, 63
-123, 23, -210
-136, -87, -274
-222, -132, -248
-222, -132, 30
-286, -241, 30
-467, -374, 673
-544, -397, 1325
-538, -735, 1890
-678, -779, 1998
-787, -513, 1998
-755, -447, 1998
-593, -356, 1998
-,-,-
-240, -25, -22
-240, -25, -22
-299, 73, -198
-350, -81, -246
-360, -228, -377
-459, -80, -354
-603, -198, 78
-601, -374, 885
-628, -531, 1728
-657, -600, 1998
-615, -746, 1998
-534, -804, 1998
-321, -781, 1998
-,-,-
-413, -126, -221
-374, 21, -241
-467, -90, -270
-555, -300, 33
-592, -313, 411
-620, -174, 934
-515, -447, 1645
-473, -618, 1998
-498, -474, 1998
-354, -475, 1998
-92, -585, 1998
27, -377, 1998
93, -174, 1998
93, -174, 1998
-,-,-
-414, -146, 17
-491, -99, 37
-588, -219, 168
-558, -254, 611
-522, -364, 758
-522, -623, 1053
-685, -595, 1871
-768, -549, 1998
-619, -646, 1998
-524, -584, 1998
-273, -234, 1998
-79, -107, 1998
140, -175, 1998
255, -222, 1810
-,-,-
-320, -229, -196
-377, -134, -427
-536, -6, -472
-680, -113, 26
-594, -340, 411
-594, -340, 411
-542, -618, 928
-617, -633, 1885
-570, -573, 1998
-511, -539, 1998
-297, -440, 1998
-135, -367, 1998
-,-,-
-325, -80, -148
-385, -33, -210
-460, -119, -199
-599, -257, 211
-682, -385, 619
-738, -420, 1115
-782, -483, 1901
-690, -665, 1998
-605, -775, 1998
-586, -888, 1998
-,-,-
-143, -123, -62
-156, -35, -161
-245, 59, -282
-366, -23, -183
-403, -241, -126
-487, -287, 83
-487, -287, 83
-593, -291, 533
-735, -412, 1110
-774, -390, 1881
-623, -766, 1998
-325, -1335, 1998
-250, -1322, 1998
-305, -594, 1998
-,-,-
-509, 49, -215
-589, -53, -86
-613, -210, 485
-558, -584, 1407
-511, -792, 1998
-486, -464, 1998
-410, -359, 1998
-191, -363, 1998
-33, -337, 1998
-33, -337, 1998
54, -102, 1998
183, -93, 1927
-,-,-
-421, 57, -27
-421, 57, -27
-463, 168, -559
-460, 98, -533
-433, -240, 118
-214, -625, 559
-82, -907, 1291
-249, -829, 1998
-340, -698, 1998
-299, -538, 1998
-241, -399, 1998
-114, -301, 1998
-112, -255, 1998
-,-,-
-308, -103, -25
-261, -184, -151
-298, -261, -84
-430, -364, 414
-568, -372, 1176
-727, -436, 1971
-679, -602, 1998
-560, -605, 1998
-543, -436, 1998
-424, -215, 1998
-301, -131, 1998
-113, -67, 1998
-113, -67, 1998
-,-,-
-302, 27, 60
-333, -41, -19
-333, -41, -19
-394, -258, 0
-468, -181, -33
-583, -37, 52
-544, -223, 113
-535, -458, 562
-662, -461, 1450
-785, -499, 1985
-621, -643, 1998
-356, -821, 1998
-119, -801, 1998
-,-,-
-332, -64, -73
-406, -134, -88
-486, -199, -28
-608, -251, 200
-717, -316, 476
-717, -316, 986
-773, -355, 986
-784, -409, 1841
-701, -408, 1998
-431, -558, 1998
-275, -667, 1998
-,-,-
-338, -15, 115
-338, -15, 115
-259, -126, -67
-341, -57, 95
-445, -50, 475
-455, -149, 782
-495, -375, 1378
-415, -587, 1884
-393, -801, 1998
-377, -866, 1998
-339, -760, 1998
-329, -651, 1998
-,-,-
-741, -62, 594
-695, -200, 849
-747, -527, 1604
-889, -611, 1998
-889, -611, 1998
-757, -420, 1998
-458, -458, 1998
-123, -510, 1998
80, -414, 1998
104, -302, 1998
117, -170, 1998
129, -111, 1958
-,-,-
-349, -50, -75
-349, -50, -75
-436, 20, -129
-570, -268, -13
-690, -410, 434
-869, -417, 1284
-911, -488, 1980
-769, -750, 1998
-450, -867, 1998
-265, -912, 1998
-183, -646, 1998
-,-,-
-338, -40, 147
-314, 50, -63
-368, -158, -108
-457, -327, 74
-457, -327, 74
-516, -258, 285
-612, -208, 944
-636, -288, 1705
-533, -506, 1998
-459, -535, 1998
-385, -477, 1998
-272, -435, 1998
-159, -346, 1998
-144, -189, 1998
-,-,-
-484, -110, -57
-491, -170, -160
-559, -12, -183
-662, -63, -15
-673, -276, 145
-750, -335, 776
-780, -449, 1642
-727, -596, 1998
-659, -644, 1998
-507, -679, 1998
-,-,-
-200, 1, 34
-199, 110, 9
-199, 110, 9
-229, -16, -116
-304, -223, -105
-374, -315, -36
-472, -235, 8
-642, -101, 284
-696, -121, 704
-655, -252, 1130
-650, -317, 1663
-585, -300, 1991
-488, -536, 1998
-376, -667, 1998
-314, -486, 1998
-,-,-
-159, -95, 139
-205, -110, 101
-201, 0, -64
-302, -210, -115
-378, -252, -90
-378, -252, -90
-492, -123, 112
-609, -33, 528
-664, -52, 906
-649, -193, 1428
-625, -329, 1979
-607, -398, 1998
-493, -412, 1998
-250, -377, 1998
-27, -363, 1998
-,-,-
-260, -32, 26
-307, -154, 90
-307, -154, 90
-325, -234, 14
-389, -216, -32
-455, -145, 16
-501, -91, 46
-589, -70, 138
-611, -100, 299
-608, -200, 566
-642, -271, 1145
-716, -246, 1883
-716, -246, 1883
-,-,-
-183, -219, 40
-226, -103, 1
-304, -39, -4
-304, -39, -4
-381, -154, 61
-455, -94, 318
-559, -149, 765
-641, -152, 1427
-695, -300, 1988
-623, -420, 1998
-472, -434, 1998
-307, -515, 1998
-,-,-
-309, -139, 82
-309, -139, 82
-375, -74, -112
-486, -90, -99
-579, -183, -4
-681, -257, 220
-755, -358, 809
-847, -463, 1656
-924, -470, 1998
-811, -500, 1998
-591, -665, 1998
-425, -779, 1998
-,-,-
-443, -25, -21
-494, 39, 24
-523, 88, -93
-550, -278, 62
-694, -506, 935
-813, -394, 1894
-855, -516, 1998
-666, -779, 1998
-365, -983, 1998
-248, -923, 1998
-169, -923, 1998
-,-,-
-314, -73, 22
-268, -44, -128
-314, -44, -30
-314, -210, -30
-286, -271, -64
-318, -309, -128
-376, -376, 22
-445, -381, 367
-476, -317, 799
-471, -310, 1324
-,-,-
-370, -106, 87
-251, 20, -90
-309, -15, -220
-433, -228, -82
-537, -295, 63
-651, -297, 378
-673, -250, 705
-569, -316, 1064
-463, -506, 1522
-434, -633, 1985
-471, -789, 1998
-,-,-
-304, -30, 215
-178, -116, 62
-134, -67, -210
-201, -102, -190
-353, -176, -4
-493, -156, 207
-623, -106, 511
-665, -115, 798
-606, -281, 1194
-572, -574, 1691
-572, -574, 1691
-,-,-
-502, 75, 186
-423, -31, 68
-493, -168, 59
-695, -49, 668
-869, -141, 1494
-869, -141, 1494
-806, -401, 1998
-565, -668, 1998
-287, -831, 1998
-135, -1018, 1998
-148, -1065, 1998
-,-,-
-323, -26, -56
-323, -26, -56
-345, 43, -181
-502, -114, 59
-590, -292, 216
-645, -204, 453
-680, -253, 1038
-677, -390, 1683
-657, -545, 1998
-497, -734, 1998
-,-,-
-317, -96, 62
-317, -96, 62
-272, -135, 36
-360, -330, -51
-497, -303, -67
-702, -184, 337
-770, -186, 780
-716, -326, 1208
-660, -431, 1883
-642, -536, 1998
-613, -669, 1998
-515, -663, 1998
-,-,-
-527, -224, 373
-555, -206, 903
-655, -192, 1703
-655, -192, 1703
-711, -204, 1998
-472, -322, 1998
-220, -446, 1998
-118, -476, 1998
-63, -429, 1998
49, -348, 1998
116, -275, 1977
121, -253, 1768
-,-,-
-147, -95, -165
-178, -114, -134
-287, -124, -27
-334, -204, -48
-370, -248, -171
-469, -303, -30
-607, -281, 413
-705, -289, 999
-781, -400, 1754
-791, -530, 1998
-,-,-
-439, 0, 223
-455, -65, 87
-455, -65, 87
-600, -178, 321
-724, -134, 861
-740, -218, 1420
-663, -551, 1921
-606, -682, 1998
-529, -644, 1998
-420, -596, 1998
-,-,-
-142, 11, 63
-206, -78, -113
-318, -144, -47
-390, -281, -110
-390, -281, -110
-519, -240, -153
-645, -118, 102
-677, -169, 436
-664, -284, 960
-620, -467, 1602
-627, -679, 1998
-,-,-
-252, 15, -33
-252, 15, -33
-262, -21, -276
-350, -214, -147
-427, -227, -125
-510, -230, -120
-612, -300, 156
-634, -359, 681
-561, -479, 1474
-503, -840, 1986
-674, -1114, 1998
-649, -860, 1998
-,-,-
-254, 43, -85
-347, 10, -162
-347, 10, -162
-387, -122, -169
-403, -247, -225
-479, -269, -189
-565, -328, -72
-547, -431, 176
-595, -565, 801
-647, -694, 1773
-692, -1078, 1998
-603, -1362, 1998
-,-,-
-303, -111, -20
-303, -111, -20
-294, -160, -199
-371, -198, -239
-439, -140, -248
-556, -216, -171
-671, -241, 92
-717, -243, 219
-703, -303, 419
-680, -500, 969
-715, -579, 1832
-794, -606, 1998
-732, -714, 1998
-468, -825, 1998
-310, -932, 1998
-,-,-
-328, -70, 31
-333, -11, -25
-394, -138, -74
-449, -340, -55
-549, -368, -5
-680, -273, 326
-731, -267, 843
-643, -454, 1365
-478, -733, 1940
-426, -861, 1998
-369, -923, 1998
-225, -889, 1998
-,-,-
-618, 76, 51
-690, -8, -133
-690, -8, -133
-737, -73, -81
-770, -252, 252
-691, -603, 990
-603, -952, 1946
-454, -1346, 1998
-214, -1245, 1998
-166, -890, 1998
-59, -595, 1998
64, -413, 1998
-,-,-
-602, -78, -125
-610, -100, -560
-699, -251, -885
-867, -331, -299
-971, -504, 769
-1055, -936, 1952
-898, -1164, 1998
-407, -1014, 1998
-179, -854, 1998
-71, -472, 1998
108, -344, 1998
-,-,-
-593, -89, 53
-560, 184, -215
-577, 192, -446
-600, -226, -294
-580, -604, 358
-527, -744, 1182
-527, -805, 1967
-434, -1130, 1998
-152, -1237, 1998
-32, -1130, 1998
-55, -835, 1998
-,-,-
-233, -45, 12
-233, -45, 12
-264, -182, -213
-298, -228, -226
-397, -214, -227
-497, -141, -109
-556, -231, -5
-546, -402, 95
-555, -544, 492
-548, -591, 1120
-555, -795, 1914
-725, -1163, 1998
-,-,-
-562, -32, -173
-663, 89, -79
-720, -89, 13
-670, -481, 257
-631, -705, 842
-631, -705, 842
-690, -751, 1850
-661, -803, 1998
-305, -1051, 1998
117, -1047, 1998
250, -753, 1998
302, -578, 1998
337, -524, 1998
-,-,-
-283, -87, -70
-349, -128, -176
-407, -126, -195
-492, -183, -385
-562, -151, -425
-655, -153, -163
-731, -282, 189
-762, -514, 657
-784, -780, 1610
-927, -978, 1998
-927, -978, 1998
-769, -1064, 1998
-,-,-
-328, -124, 8
-275, -4, -99
-331, -12, -346
-470, -174, -288
-619, -106, -168
-712, -111, -103
-679, -253, 24
-679, -253, 24
-626, -499, 467
-579, -614, 1326
-560, -767, 1978
-694, -957, 1998
-606, -809, 1998
-,-,-
-532, -241, -73
-604, 27, -122
-679, -53, -128
-628, -333, 9
-628, -333, 9
-566, -655, 488
-537, -1053, 1568
-577, -1173, 1998
-633, -1203, 1998
-366, -805, 1998
-171, -501, 1998
14, -210, 1998
-,-,-
-533, 123, 4
-461, -78, -141
-526, -340, -99
-625, -330, 125
-685, -466, 573
-685, -466, 573
-661, -624, 1210
-648, -797, 1910
-603, -843, 1998
-580, -786, 1998
-522, -688, 1998
-457, -534, 1998
-455, -413, 1998
-,-,-
-308, 59, -8
-308, 59, -8
-351, -54, -119
-368, -213, -71
-380, -236, -184
-471, -180, -175
-596, -168, 78
-599, -272, 310
-567, -450, 603
-552, -560, 1165
-677, -671, 1927
-784, -763, 1998
-743, -789, 1998
-,-,-
-243, -118, -54
-334, -56, -18
-349, -57, -66
-472, -234, -183
-522, -225, -249
-613, -265, -189
-647, -326, -9
-667, -523, 268
-732, -723, 868
-706, -691, 1636
-706, -691, 1636
-775, -836, 1998
-,-,-
-386, -3, 123
-386, -3, 123
-394, -48, -27
-451, -201, -38
-517, -212, -42
-583, -168, -89
-684, -178, 41
-688, -236, 243
-686, -462, 731
-686, -462, 1381
-607, -727, 1381
-560, -900, 1964
-528, -978, 1998
-353, -946, 1998
-236, -963, 1998
-,-,-
-469, -255, -51
-488, -47, -199
-534, -111, -317
-687, -357, 242
-829, -527, 1234
-1052, -569, 1998
-899, -685, 1998
-504, -768, 1998
-214, -732, 1998
-104, -597, 1998
-16, -404, 1998
82, -298, 1998
-,-,-
-473, -164, -102
-499, -230, -118
-531, -292, -343
-690, -332, -193
-870, -441, 610
-870, -441, 1692
-917, -509, 1692
-797, -671, 1998
-526, -1006, 1998
-376, -1164, 1998
-,-,-
-409, -204, 110
-432, -152, -74
-472, -158, -313
-615, -252, -96
-748, -456, 619
-742, -528, 1594
-655, -648, 1998
-581, -992, 1998
-288, -837, 1998
-288, -837, 1998
-,-,-
-317, -184, -156
-415, -174, -147
-471, -175, -205
-513, -193, -185
-553, -275, -39
-584, -496, 157
-661, -624, 644
-752, -557, 1553
-,-,-
-472, 83, 299
-472, 83, 299
-476, 88, -107
-471, -32, -272
-478, -327, -134
-586, -724, 581
-651, -976, 1739
-565, -1433, 1998
-345, -1707, 1998
-228, -1611, 1998
-,-,-
-389, -72, 181
-381, -20, 160
-388, -126, 71
-388, -126, 71
-336, -167, -198
-398, -308, -261
-529, -394, 54
-650, -362, 637
-656, -483, 1286
-578, -825, 1884
-583, -1230, 1998
-514, -1422, 1998
-,-,-
-424, -58, -58
-403, 77, -115
-500, 98, -258
-497, -39, -389
-484, -434, -358
-548, -847, 176
-669, -1090, 1184
-922, -1186, 1998
-953, -1354, 1998
-592, -1432, 1998
-331, -1429, 1998
-,-,-
-653, 19, -222
-558, 138, -500
-696, -186, -524
-852, -471, 529
-844, -900, 1803
-893, -1386, 1998
-538, -1207, 1998
-196, -925, 1998
-67, -531, 1998
103, -264, 1998
-,-,-
-448, -142, -16
-492, -90, -166
-546, -154, -356
-606, -209, -406
-719, -182, -177
-825, -312, 497
-863, -553, 1263
-842, -757, 1985
-782, -886, 1998
-597, -743, 1998
-345, -679, 1998
-,-,-
-261, -79, -180
-322, -88, -191
-341, -199, -249
-388, -309, -261
-443, -275, -176
-554, -390, 151
-660, -534, 772
-695, -547, 1746
-695, -547, 1746
-630, -749, 1998
-617, -959, 1998
-510, -812, 1998
-344, -573, 1998
-,-,-
-257, -74, -181
-354, -201, -131
-393, -226, -23
-436, -233, 24
-486, -373, 189
-579, -336, 607
-649, -351, 1074
-693, -436, 1806
-717, -517, 1998
-639, -611, 1998
-433, -708, 1998
-303, -631, 1998
-292, -453, 1998
-,-,-
-513, 7, 61
-513, 7, 61
-533, -32, -266
-596, -263, -117
-750, -498, 556
-842, -522, 1558
-814, -744, 1998
-579, -1124, 1998
-369, -1165, 1998
-317, -821, 1998
-200, -498, 1998
-20, -352, 1998
-,-,-
-379, -28, -31
-379, -28, -31
-429, -90, -304
-523, -293, -272
-580, -442, -274
-670, -548, 111
-761, -639, 1213
-822, -653, 1994
-768, -805, 1998
-435, -988, 1998
-211, -946, 1998
-,-,-
-387, -302, -343
-513, -257, -382
-639, -442, -313
-841, -618, 86
-841, -618, 86
-1142, -528, 1193
-1228, -480, 1979
-1019, -852, 1998
-578, -1211, 1998
-287, -1133, 1998
-207, -677, 1998
-,-,-
-230, -104, 3
-227, -151, -170
-287, -234, -187
-356, -237, -226
-469, -164, -226
-469, -164, -226
-591, -198, -25
-677, -306, 153
-707, -394, 424
-710, -640, 1123
-706, -856, 1939
-680, -1106, 1998
-513, -1271, 1998
-362, -1040, 1998
-247, -634, 1998
-,-,-
-229, -157, 1
-272, -261, -311
-372, -218, -374
-502, -137, -343
-586, -231, -349
-670, -540, 91
-781, -746, 923
-931, -692, 1910
-1127, -844, 1998
-843, -779, 1998
-,-,-
-305, -123, -28
-214, 2, -235
-285, -92, -324
-362, -225, -176
-415, -262, -235
-519, -251, -162
-571, -262, 52
-621, -302, 523
-650, -415, 1398
-586, -612, 1977
-586, -612, 1977
-428, -895, 1998
-307, -1105, 1998
-,-,-
-243, -171, 108
-178, -39, -43
-204, -117, -319
-327, -218, -150
-411, -222, -69
-516, -181, -15
-657, -215, 289
-734, -339, 630
-725, -429, 1150
-654, -478, 1609
-561, -513, 1944
-561, -513, 1944
-403, -616, 1998
-208, -568, 1998
-37, -509, 1998
164, -586, 1998
-,-,-
-241, -83, 99
-284, -16, -90
-302, -169, -176
-370, -293, -206
-370, -293, -206
-498, -245, -185
-671, -277, 204
-764, -320, 833
-737, -432, 1353
-679, -613, 1868
-551, -712, 1998
-387, -1067, 1998
-,-,-
-310, -83, 59
-298, -184, -87
-349, -200, -105
-431, -122, -100
-431, -122, -100
-528, -75, -51
-589, -116, 182
-586, -215, 568
-546, -390, 1116
-468, -569, 1712
-375, -787, 1998
-328, -943, 1998
-182, -932, 1998
-,-,-
-266, -128, -70
-266, -128, -70
-264, -183, -170
-330, -242, -199
-444, -168, -178
-565, -158, -53
-635, -312, 261
-685, -418, 721
-731, -417, 1397
-678, -595, 1965
-613, -748, 1998
-313, -853, 1998
-,-,-
-565, -201, -170
-601, -321, -318
-769, -565, 5
-935, -874, 1025
-933, -978, 1940
-853, -1082, 1998
-580, -1127, 1998
-414, -866, 1998
-281, -533, 1998
-64, -313, 1998
-,-,-
-443, -204, -46
-572, -143, -133
-625, -169, -311
-765, -201, -343
-865, -79, -170
-921, -335, 451
-778, -844, 1431
-471, -1193, 1998
-89, -1433, 1998
155, -1615, 1998
224, -1250, 1998
296, -861, 1998
-,-,-
-429, -183, -88
-486, -147, -313
-560, -129, -409
-676, -282, -399
-918, -416, -6
-918, -416, -6
-1048, -472, 850
-868, -706, 1777
-496, -1390, 1998
-253, -1679, 1998
-,-,-
-558, -193, 10
-499, -102, -187
-541, -181, -342
-680, -406, -232
-696, -663, 299
-680, -851, 1354
-618, -1004, 1998
-527, -1191, 1998
-286, -972, 1998
-108, -645, 1998
-,-,-
-470, -243, -210
-542, -221, -161
-624, -263, -166
-689, -316, -104
-702, -517, 134
-702, -517, 134
-716, -653, 899
-716, -568, 1886
-672, -889, 1998
-609, -1314, 1998
-,-,-
-613, 9, 94
-656, -82, -26
-736, -195, 206
-785, -236, 700
-769, -445, 1526
-518, -665, 1998
-192, -935, 1998
45, -951, 1998
45, -951, 1998
145, -732, 1998
194, -449, 1998
-,-,-
-548, -120, -63
-542, -205, -115
-578, -410, 44
-741, -614, 758
-826, -714, 1670
-844, -982, 1998
-590, -1086, 1998
-421, -987, 1998
-,-,-
-545, 25, -27
-545, 25, -27
-561, -137, -185
-661, -157, -37
-788, -214, 503
-735, -338, 1213
-509, -591, 1788
-245, -937, 1998
-151, -1159, 1998
-,-,-
-337, -216, 90
-342, -152, 39
-453, -251, -53
-529, -299, -38
-664, -311, 217
-764, -294, 940
-774, -389, 1757
-738, -591, 1998
-664, -805, 1998
-458, -903, 1998
-,-,-
-328, -214, -155
-391, -243, -189
-470, -276, -143
-620, -301, -31
-811, -275, 356
-910, -209, 1081
-848, -290, 1746
-763, -426, 1998
-,-,-
-437, -197, 1
-561, -126, 97
-678, -115, 411
-682, -231, 839
-709, -430, 1438
-740, -550, 1984
-731, -620, 1998
-436, -663, 1998
-238, -686, 1998
-,-,-
-733, -195, 0
-721, -66, -64
-825, -97, 167
-1038, -373, 1157
-1129, -515, 1997
-807, -887, 1998
-324, -1096, 1998
-97, -897, 1998
16, -537, 1998
96, -301, 1998
-,-,-
-426, -23, -186
-505, -164, -147
-633, -205, -108
-709, -237, 215
-786, -388, 742
-847, -542, 1714
-819, -844, 1998
-726, -1085, 1998
-,-,-
-620, -272, 50
-495, 6, -162
-487, -112, -426
-536, -332, -360
-591, -447, -61
-672, -568, 386
-758, -539, 1319
-724, -502, 1987
-724, -502, 1987
-641, -576, 1998
-441, -596, 1998
-,-,-
-508, -205, -123
-423, -37, -325
-497, -213, -481
-589, -497, -327
-779, -764, 338
-997, -644, 1791
-933, -635, 1998
-764, -884, 1998
-,-,-
-507, -250, -293
-549, -216, -513
-674, -210, -434
-843, -276, 58
-843, -276, 58
-976, -469, 870
-947, -760, 1790
-834, -969, 1998
-484, -959, 1998
-227, -1050, 1998
-,-,-
-643, -166, -46
-680, -319, -22
-854, -456, 695
-961, -543, 1789
-855, -766, 1998
-468, -996, 1998
-74, -1026, 1998
-74, -1026, 1998
48, -799, 1998
-,-,-
-557, -153, -32
-574, -93, -133
-682, -110, -294
-845, -155, 51
-909, -387, 566
-862, -632, 1332
-748, -966, 1961
-565, -1087, 1998
-407, -1099, 1998
-313, -917, 1998
-259, -672, 1998
-192, -420, 1998
-,-,-
-461, -143, -147
-488, -205, -395
-609, -266, -234
-609, -266, -234
-700, -414, 202
-851, -562, 1031
-949, -712, 1968
-907, -912, 1998
-540, -913, 1998
-,-,-
-423, -233, -127
-423, -233, -127
-511, -182, -133
-662, -211, 100
-716, -257, 198
-706, -275, 372
-778, -271, 1252
-835, -194, 1998
-602, -364, 1998
-115, -883, 1998
-,-,-
-542, -78, 27
-659, -251, -48
-788, -352, 180
-995, -376, 607
-1215, -429, 1723
-1088, -773, 1998
-453, -1293, 1998
-84, -1448, 1998
-81, -1078, 1998
-138, -584, 1998
-,-,-
-494, -186, -39
-559, -214, -172
-719, -147, 140
-843, -272, 731
-887, -679, 1608
-878, -1042, 1998
-699, -1155, 1998
-437, -1010, 1998
-,-,-
-457, -186, -225
-538, -186, -336
-760, -80, -161
-944, -57, 286
-944, -57, 286
-916, -370, 1055
-845, -936, 1971
-594, -1494, 1998
-353, -1670, 1998
-,-,-
-515, -175, 1
-515, -175, 1
-597, -256, -59
-693, -283, 33
-836, -216, 338
-934, -254, 1097
-865, -591, 1818
-597, -1013, 1998
-287, -1481, 1998
-,-,-
-573, -360, 6
-756, -152, 42
-892, -212, 322
-892, -212, 322
-847, -554, 1133
-779, -964, 1962
-721, -1104, 1998
-608, -1000, 1998
-,-,-
-687, -104, -19
-596, 192, -176
-568, -146, 91
-761, -870, 1224
-777, -1220, 1998
-701, -1477, 1998
-425, -1443, 1998
-195, -1037, 1998
-94, -482, 1998
-,-,-
-534, -166, -184
-613, -254, -521
-751, -181, -374
-1067, -466, 456
-1178, -794, 1554
-1118, -1352, 1998
-1019, -1823, 1998
-796, -1365, 1998
-625, -617, 1998
-,-,-
-714, -310, 13
-857, -389, 407
-921, -571, 1565
-802, -817, 1998
-531, -1184, 1998
-41, -1107, 1998
108, -749, 1998
164, -343, 1998
398, -209, 1998
-,-,-
-578, -188, 9
-668, -80, 21
-700, -5, 31
-700, -5, 31
-634, -322, 113
-583, -669, 680
-511, -738, 1471
-366, -805, 1997
-217, -1198, 1998
-,-,-
-563, -237, -87
-564, -63, -289
-572, -29, -349
-695, -320, 303
-771, -487, 1518
-626, -644, 1998
-286, -1212, 1998
22, -1412, 1998
71, -982, 1998
20, -403, 1998
-,-,-
-395, -30, -65
-448, 6, -215
-462, -144, -247
-512, -239, -183
-580, -226, 58
-636, -355, 606
-684, -364, 1428
-684, -364, 1428
-742, -327, 1998
-698, -468, 1998
-,-,-
-512, -153, 109
-491, -19, 34
-474, -195, 201
-511, -235, 847
-480, -373, 1556
-435, -571, 1987
-430, -552, 1998
-490, -501, 1998
-472, -412, 1998
-360, -362, 1998
-241, -276, 1998
-,-,-
-485, 54, -51
-463, -112, -292
-479, -216, -245
-499, -196, 34
-615, -344, 322
-678, -406, 1141
-661, -572, 1941
-661, -572, 1941
-447, -756, 1998
-331, -843, 1998
-263, -832, 1998
-,-,-
-552, -44, 39
-512, 52, 11
-483, -19, -215
-572, -100, 8
-576, -206, 315
-566, -328, 711
-589, -406, 1566
-565, -549, 1998
-340, -920, 1998
-122, -1004, 1998
-,-,-
-349, -61, -188
-449, -36, -229
-581, -27, -182
-650, -18, -46
-689, -203, 407
-539, -526, 965
-405, -951, 1729
-594, -1192, 1998
-,-,-
-398, -14, 20
-395, -57, -253
-531, 19, -381
-689, 3, -308
-689, 3, -308
-546, -215, -95
-491, -535, 1075
-550, -625, 1986
-632, -883, 1998
-,-,-
-580, -27, -423
-657, -53, -597
-657, -53, -597
-765, -298, -681
-725, -452, -793
-760, -620, -447
-813, -801, 650
-907, -882, 1861
-1035, -1119, 1998
-780, -1198, 1998
-,-,-
-524, -146, -99
-566, -172, -50
-524, -380, 105
-530, -483, 621
-543, -568, 1438
-417, -885, 1998
-239, -1169, 1998
-,-,-
-349, -155, -230
-414, -183, -246
-529, -89, -78
-572, -69, -50
-585, -163, -122
-569, -353, 131
-678, -480, 1071
-626, -569, 1948
-418, -929, 1998
-148, -1152, 1998
14, -1171, 1998
-71, -847, 1998
-92, -482, 1998
-,-,-
-289, -11, -68
-348, -111, -103
-367, -264, -91
-404, -269, -160
-495, -128, -69
-495, -128, -69
-563, -135, 15
-577, -248, 72
-565, -336, 442
-538, -428, 1031
-536, -637, 1787
-,-,-
-272, -85, 26
-300, -107, -109
-353, -118, -129
-406, -180, -62
-474, -261, 113
-474, -261, 113
-528, -299, 538
-558, -362, 1283
-612, -547, 1983
-,-,-
-247, -141, -88
-261, -130, -83
-308, -377, -166
-363, -284, -172
-473, -112, -38
-604, -204, 483
-604, -204, 483
-702, -269, 1159
-788, -279, 1920
-767, -562, 1998
-649, -903, 1998
-,-,-
-293, -68, 37
-267, -100, -102
-267, -119, -205
-371, -149, -148
-433, -188, -83
-496, -222, 55
-600, -267, 430
-647, -293, 898
-605, -453, 1600
-495, -623, 1998
-370, -729, 1998
-251, -797, 1998
-278, -594, 1998
-,-,-
-285, -38, 54
-262, -116, -59
-270, -234, -192
-355, -220, -159
-425, -247, -160
-486, -276, -99
-486, -276, -99
-551, -252, 135
-639, -360, 582
-709, -416, 1346
-760, -403, 1983
-684, -513, 1998
-,-,-
-252, -52, 33
-227, -75, -135
-209, -230, -282
-244, -285, -309
-347, -230, -295
-461, -195, -233
-461, -195, -90
-545, -179, -90
-591, -186, 215
-610, -333, 690
-576, -468, 1246
-598, -636, 1936
-,-,-
-357, -197, -135
-357, -197, -135
-410, -107, -156
-485, -188, -124
-477, -234, -188
-603, -313, 128
-724, -338, 863
-693, -454, 1596
-639, -579, 1998
-497, -725, 1998
-,-,-
-259, -137, -7
-259, -137, -7
-214, -171, -166
-329, -290, -149
-492, -286, -65
-606, -218, 28
-686, -258, 309
-649, -345, 892
-601, -502, 1832
-634, -724, 1998
-581, -805, 1998
-,-,-
-313, -36, -25
-346, -118, -157
-346, -118, -157
-395, -179, -162
-490, -215, -82
-600, -216, 120
-656, -230, 359
-672, -308, 680
-732, -423, 1371
-720, -523, 1954
-,-,-
-472, -269, -138
-599, -240, -161
-811, -78, 224
-901, -207, 998
-847, -428, 1834
-699, -783, 1998
-437, -1000, 1998
-316, -1043, 1998
-,-,-
-556, -28, -45
-492, 83, -306
-490, -139, -418
-628, -399, 272
-780, -651, 1583
-693, -909, 1998
-424, -1238, 1998
-190, -1425, 1998
-290, -1085, 1998
-,-,-
-461, -77, -216
-541, -9, -528
-541, -9, -528
-596, -87, -477
-666, -281, 161
-659, -562, 1001
-624, -745, 1928
-415, -1012, 1998
-126, -1190, 1998
64, -903, 1998
161, -529, 1998
280, -333, 1998
363, -338, 1998
420, -396, 1990
-,-,-
-303, -278, -250
-394, -304, -251
-520, -227, -208
-542, -164, -192
-560, -269, -26
-574, -403, 237
-,-,-
-304, -157, -91
-410, -195, -96
-410, -195, -96
-494, -225, -59
-576, -152, -207
-747, -119, -138
-841, -175, 216
-793, -376, 800
-637, -668, 1627
-479, -920, 1998
-412, -1072, 1998
-,-,-
-325, -58, -87
-383, -156, -169
-474, -147, -172
-535, -215, -147
-597, -319, 157
-597, -319, 157
-686, -410, 815
-712, -444, 1652
-597, -743, 1998
-,-,-
-296, -103, -140
-338, -122, -313
-338, -122, -313
-529, -144, -159
-632, -121, -22
-636, -171, 103
-630, -294, 580
-589, -465, 1236
-531, -732, 1897
-541, -876, 1998
-,-,-
-247, -68, -49
-225, -201, -203
-279, -238, -244
-359, -247, -260
-408, -214, -327
-509, -133, -282
-635, -110, -166
-635, -110, -166
-740, -136, 201
-821, -167, 690
-841, -330, 1449
-775, -592, 1990
-,-,-
-378, -37, -176
-394, -104, -217
-428, -267, -262
-533, -395, -33
-635, -468, 388
-747, -455, 1036
-726, -535, 1625
-573, -682, 1998
-440, -858, 1998
-444, -883, 1998
-,-,-
-279, -72, -178
-272, -96, -243
-310, -254, -345
-389, -264, -203
-400, -247, -163
-384, -379, -54
-518, -589, 555
-664, -522, 1301
-823, -535, 1970
-930, -857, 1998
-,-,-
-626, -102, -56
-740, -238, 64
-795, -285, 253
-822, -291, 838
-811, -439, 1742
-704, -831, 1998
-528, -1038, 1998
-421, -949, 1998
-346, -570, 1998
-,-,-
-354, -23, -138
-394, -129, -338
-516, -23, -416
-670, 57, -296
-800, -69, -83
-800, -69, -83
-808, -354, 139
-723, -591, 805
-,-,-
-399, -187, -234
-374, -97, -435
-409, -157, -628
-590, -227, -238
-723, -278, 508
-681, -387, 1443
-585, -590, 1998
-358, -1002, 1998
-187, -1019, 1998
-169, -627, 1998
-148, -306, 1998
23, -202, 1998
-,-,-
-480, -47, 33
-477, -144, -50
-516, -186, -368
-665, -105, -227
-776, -208, 329
-783, -397, 1103
-664, -618, 1916
-488, -1044, 1998
-401, -1103, 1998
-,-,-
-221, -93, -166
-263, -111, -400
-310, -124, -395
-413, -318, -409
-438, -315, -675
-483, -312, -808
-614, -430, -391
-867, -304, 695
-1125, -73, 1848
-1210, -182, 1998
-,-,-
-509, 39, -137
-502, 47, -280
-482, -84, -379
-482, -84, -379
-552, -179, -220
-543, -125, -111
-520, -225, 309
-523, -360, 1180
-488, -436, 1918
-458, -676, 1998
-,-,-
-486, -160, -63
-502, -89, -216
-537, -87, -355
-672, -148, -229
-711, -188, 25
-665, -330, 551
-614, -466, 1453
-513, -514, 1998
-360, -748, 1998
-,-,-
-448, -140, -178
-465, -83, -394
-560, -104, -391
-665, -263, -102
-787, -410, 490
-787, -410, 490
-820, -410, 1273
-772, -554, 1962
-589, -902, 1998
-,-,-
-528, 39, -50
-471, 140, -280
-476, -153, -490
-607, -331, -217
-810, -361, 602
-787, -426, 1574
-678, -723, 1998
-558, -1146, 1998
-,-,-
-373, -84, -68
-392, -44, -96
-376, -108, -194
-395, -254, -317
-539, -317, -124
-718, -204, 361
-831, -181, 1031
-873, -303, 1851
-758, -573, 1998
-581, -957, 1998
-,-,-
-458, -51, -28
-489, -114, 182
-568, -488, 681
-676, -683, 1651
-617, -642, 1998
-506, -666, 1998
-388, -790, 1998
-322, -767, 1998
-323, -720, 1998
-,-,-
-861, -399, 948
-1024, -433, 1910
-1011, -761, 1998
-667, -972, 1998
-243, -897, 1998
-66, -764, 1998
91, -550, 1998
263, -340, 1998
263, -340, 1998
-,-,-
-349, -98, -174
-402, -142, -152
-414, -186, 7
-414, -186, 7
-478, -350, 606
-562, -530, 1647
-,-,-
-315, 39, -120
-351, -51, -226
-435, -207, -181
-533, -212, -151
-612, -149, -117
-678, -198, 154
-671, -409, 776
-,-,-
-223, -37, -145
-225, -92, -284
-300, -191, -263
-436, -214, -177
-564, -202, -78
-585, -310, 57
-654, -482, 621
-768, -398, 1623
-898, -435, 1998
-905, -586, 1998
-524, -621, 1998
-,-,-
-886, -37, 352
-887, -748, 1473
-752, -1459, 1998
-602, -1599, 1998
-219, -1112, 1998
-8, -682, 1998
11, -285, 1998
11, -285, 1998
-,-,-
-377, -114, -202
-418, -61, -416
-485, -24, -508
-607, -178, -389
-592, -359, 139
-514, -762, 1065
-401, -1127, 1910
-401, -1262, 1998
-410, -1230, 1998
-,-,-
-421, -55, -14
-456, -74, -212
-471, -248, -491
-620, -288, -505
-725, -224, -176
-754, -356, 528
-754, -356, 528
-713, -587, 1592
-597, -846, 1998
-576, -1085, 1998
-,-,-
-389, -195, -107
-437, -157, -282
-558, -11, -349
-693, -20, -251
-696, -190, 67
-633, -480, 774
-474, -776, 1631
-312, -1124, 1998
-279, -1334, 1998
-435, -1121, 1998
-,-,-
-463, -35, -73
-469, -120, -268
-590, -88, -93
-707, -76, 106
-680, -263, 198
-608, -386, 764
-608, -386, 764
-575, -503, 1625
-525, -776, 1998
-,-,-
-340, 34, -154
-355, 19, -107
-333, 11, -187
-260, -91, -227
-201, -278, -119
-259, -401, 691
-280, -463, 1672
-207, -649, 1998
-231, -825, 1998
-,-,-
-329, -38, -262
-351, 49, -272
-351, 49, -272
-356, -80, -303
-416, -166, -181
-464, -108, -4
-481, -258, 118
-474, -444, 779
-467, -522, 1793
-574, -553, 1998
-,-,-
-420, -176, -54
-381, -50, -26
-381, -50, -26
-323, -121, 86
-392, -291, 753
-418, -405, 1642
-237, -640, 1998
-134, -849, 1998
-154, -708, 1998
-241, -531, 1998
-,-,-
-371, 54, 166
-371, 54, 166
-370, 50, 81
-288, -127, 114
-285, -283, 478
-343, -375, 1148
-332, -557, 1805
-307, -646, 1998
-353, -678, 1998
-,-,-
-317, -57, 24
-337, -98, -32
-337, -98, -32
-379, -139, -154
-430, -196, -151
-413, -313, -43
-447, -447, 528
-584, -401, 1691
-624, -475, 1998
-610, -920, 1998
-497, -1022, 1998
-,-,-
-401, -58, -105
-422, -261, -205
-473, -305, -313
-584, -161, -346
-613, -244, -152
-,-,-
-510, -123, -310
-509, -202, -492
-574, -217, -675
-651, -141, -634
-685, -114, -527
-736, -289, 46
-741, -693, 1290
-825, -1119, 1998
-1002, -1561, 1998
-692, -1198, 1998
-,-,-
-488, 21, -213
-501, -26, -335
-544, -161, -562
-597, -204, -531
-597, -204, -531
-628, -259, -205
-666, -487, 629
-650, -691, 1651
-747, -847, 1998
-768, -909, 1998
-,-,-
-536, -161, 100
-553, -108, -66
-512, -161, -255
-516, -197, -264
-520, -291, -220
-497, -295, -126
-448, -285, 102
-462, -252, 551
-500, -318, 1344
-617, -651, 1994
-,-,-
-386, 46, -178
-499, 104, -251
-557, -17, -420
-567, -220, -198
-538, -550, 712
-538, -550, 712
-452, -622, 1858
-519, -466, 1998
-320, -551, 1998
